0 0 0 0 0 0 0 0 0 0 0 0 0 0 0 0 0 0 0 0 
0.13 0.1 0.25 0.22 0.26 0.18 0.14 0.31 1.6 0.47 0.84 0.02 0.04 0.85 1.6 
0.17 0.23 0.25 0.3 0.2 0.33 0.3 0.31 1.52 0.43 0.76 0.07 0.05 0.85 1.6 
0.23 0.16 0.34 0.28 0.26 0.39 0.15 0.33 1.67 0.35 0.8 -0.05 0.05 0.85 1.6 
0.26 0.04 0.34 0.36 0.2 0.29 0.32 0.33 1.67 0.38 0.92 -0.01 0.06 0.85 1.6 
0.3 0.24 0.18 0.19 0.15 0.2 0.24 0.34 1.58 0.34 0.84 0.03 0.05 0.85 1.6 
0.09 0.21 0.18 0.34 0.25 0.35 0.17 0.35 1.58 0.54 0.77 0.07 0.06 0.85 1.6 
0.12 0.09 0.27 0.18 0.2 0.25 0.33 0.2 1.49 0.5 0.89 0.11 0.07 0.85 1.6 
0.19 0.26 0.35 0.32 0.25 0.23 0.18 0.21 1.65 0.5 0.93 -0.01 0.06 0.85 1.6 
0.22 0.15 0.35 0.24 0.2 0.38 0.26 0.22 1.64 0.46 0.85 0.03 0.07 0.85 1.6 
0.25 0.11 0.19 0.31 0.14 0.28 0.19 0.23 1.56 0.42 0.77 0.07 0.06 0.85 1.6 
0.28 0.07 0.19 0.14 0.25 0.19 0.11 0.23 1.55 0.38 0.89 0.11 0.07 0.85 1.6 
0.08 0.2 0.2 0.3 0.19 0.34 0.28 0.24 1.71 0.34 0.81 -0.05 0.08 0.85 1.6 
0.14 0.13 0.28 0.2 0.24 0.39 0.13 0.25 1.62 0.34 0.85 0.03 0.08 0.85 1.6 
0.18 0.25 0.36 0.27 0.19 0.3 0.29 0.26 1.62 0.54 0.78 0.07 0.08 0.85 1.6 
0.21 0.21 0.36 0.19 0.14 0.37 0.22 0.27 1.53 0.5 0.9 0.11 0.07 0.85 1.6 
0.24 0.18 0.2 0.26 0.24 0.27 0.14 0.12 1.53 0.46 0.82 -0.05 0.08 0.85 1.6 
0.27 0.06 0.21 0.33 0.19 0.18 0.31 0.12 1.68 0.41 0.94 -0.01 -0.01 0.85 1.6 
0.1 0.23 0.29 0.32 0.24 0.24 0.31 0.14 1.6 0.41 0.78 0.07 -0.01 0.85 1.6 
0.13 0.11 0.37 0.15 0.18 0.38 0.24 0.15 1.59 0.37 0.9 0.11 0 0.85 1.6 
0.16 0.08 0.37 0.23 0.13 0.29 0.16 0.15 1.51 0.33 0.82 -0.04 0.01 0.85 1.6 
