200 
0 0 0 0 0 0 0 0 0 0 0 0 0 0 0 0 0 0 0 0 
0.09 0.26 0.33 0.19 0.14 0.25 0.32 0.32 1.53 0.32 0.81 0.03 0.01 0.85 1.6 
0.12 0.15 0.33 0.34 0.25 0.16 0.24 0.32 1.69 0.52 0.93 0.07 0 0.85 1.6 
0.15 0.11 0.17 0.18 0.19 0.3 0.17 0.33 1.68 0.48 0.85 0.11 0.01 0.85 1.6 
0.22 0.2 0.17 0.32 0.24 0.36 0.26 0.35 1.59 0.48 0.89 -0.01 0.01 0.85 1.6 
0.25 0.16 0.25 0.23 0.19 0.27 0.18 0.19 1.51 0.44 0.81 0.03 0.02 0.85 1.6 
0.08 0.25 0.34 0.14 0.24 0.24 0.27 0.21 1.66 0.35 0.86 0.11 0.01 0.85 1.6 
0.11 0.22 0.34 0.21 0.19 0.39 0.11 0.21 1.66 0.39 0.78 -0.05 0.02 0.85 1.6 
0.14 0.18 0.18 0.37 0.13 0.3 0.28 0.22 1.57 0.35 0.9 -0.01 0.03 0.85 1.6 
0.21 0.03 0.26 0.27 0.18 0.35 0.13 0.24 1.49 0.51 0.94 0.08 0.03 0.85 1.6 
0.24 0.23 0.27 0.35 0.13 0.26 0.29 0.24 1.48 0.47 0.86 0.12 0.04 0.85 1.6 
0.31 0.08 0.35 0.33 0.18 0.31 0.14 0.26 1.63 0.47 0.9 0 0.03 0.85 1.6 
0.1 0.05 0.35 0.17 0.13 0.22 0.31 0.27 1.55 0.43 0.82 0.04 0.04 0.85 1.6 
0.13 0.17 0.19 0.32 0.31 0.29 0.23 0.27 1.55 0.39 0.94 0.08 0.03 0.85 1.6 
0.2 0.1 0.28 0.23 0.12 0.34 0.32 0.13 1.7 0.55 0.79 -0.04 0.05 0.85 1.6 
0.23 0.22 0.28 0.3 0.31 0.25 0.16 0.13 1.61 0.35 0.91 0 0.04 0.85 1.6 
0.29 0.15 0.36 0.28 0.12 0.3 0.25 0.15 1.53 0.5 0.75 0.08 0.06 0.85 1.6 
0.09 0.03 0.2 0.36 0.31 0.21 0.18 0.16 1.52 0.46 0.87 0.12 0.04 0.85 1.6 
0.12 0.24 0.2 0.19 0.17 0.36 0.1 0.16 1.68 0.42 0.79 -0.04 0.05 0.85 1.6 
0.19 0.09 0.29 0.18 0.3 0.33 0.19 0.18 1.59 0.42 0.83 0.04 0.05 0.85 1.6 
0.22 0.05 0.29 0.25 0.17 0.24 0.12 0.18 1.58 0.38 0.75 0.08 0.06 0.85 1.6 
