0 0 0 0 0 0 0 0 0 0 0 0 0 0 0 0 0 0 0 0 
0.245 0.175 0.305 0.205 0.225 0.29 0.145 0.16 1.63 0.45 0.83 0.07 0.04 0.85 1.6 
0.275 0.185 0.305 0.235 0.245 0.32 0.155 0.17 1.59 0.47 0.82 0.07 0.03 0.85 1.6 
0.255 0.195 0.315 0.225 0.215 0.29 0.165 0.19 1.66 0.47 0.8 0.05 0.05 0.85 1.6 
0.245 0.205 0.315 0.205 0.185 0.26 0.175 0.12 1.66 0.47 0.84 0.09 0.03 0.85 1.6 
0.225 0.135 0.315 0.195 0.235 0.32 0.105 0.14 1.65 0.47 0.82 0.07 0.05 0.85 1.6 
0.215 0.135 0.325 0.175 0.205 0.29 0.115 0.15 1.64 0.47 0.81 0.05 0.02 0.85 1.6 
0.255 0.165 0.265 0.185 0.235 0.25 0.185 0.11 1.61 0.49 0.81 0.02 0.01 0.85 1.6 
0.205 0.135 0.345 0.175 0.255 0.3 0.195 0.12 1.64 0.48 0.85 0.1 0.03 0.85 1.6 
0.265 0.225 0.315 0.155 0.185 0.24 0.165 0.21 1.67 0.4 0.79 0.08 0.03 0.85 1.6 
0.215 0.155 0.275 0.185 0.235 0.29 0.125 0.11 1.59 0.44 0.83 0.06 0.04 0.85 1.6 
0.275 0.115 0.245 0.175 0.245 0.27 0.095 0.12 1.62 0.44 0.78 0.04 0.06 0.85 1.6 
0.285 0.265 0.265 0.255 0.115 0.38 0.245 0.08 1.59 0.54 0.87 -0.03 0 0.85 1.6 
0.355 0.195 0.265 0.245 0.245 0.2 0.255 0.09 1.74 0.46 0.91 0.05 0 0.85 1.6 
0.175 0.285 0.355 0.155 0.295 0.25 0.105 0.11 1.65 0.46 0.75 0.13 -0.01 0.85 1.6 
0.245 0.135 0.195 0.135 0.115 0.22 0.195 0.2 1.57 0.38 0.79 0.01 0.01 0.85 1.6 
0.305 0.055 0.275 0.285 0.245 0.28 0.045 0.22 1.72 0.37 0.84 0.09 0.01 0.85 1.6 
0.09 0.12 0.32 0.32 0.3 0.32 0.21 0.31 1.6 0.52 0.9 -0.06 0.01 0.85 1.6 
0.15 0.05 0.16 0.23 0.11 0.38 0.3 0.33 1.51 0.44 0.94 0.03 0.02 0.85 1.6 
0.18 0.17 0.16 0.14 0.3 0.29 0.14 0.33 1.51 0.48 0.86 0.07 0.01 0.85 1.6 
0.25 0.1 0.24 0.29 0.11 0.26 0.23 0.35 1.66 0.4 0.9 -0.05 0.03 0.85 1.6 
